24210
24211
24212
23301
23001
22920
23821
20105
22301
22302
22304
22305
22311
22313
22314
22320
22331
22332
22333
22350
22303
22306
22307
22308
22309
22310
22312
22315
24517
24520
23002
24521
20106
24601
22003
24216
24522
24053
23003
22201
22202
22203
22204
22205
22206
22207
22209
22210
22212
22213
22214
22215
22216
22217
22226
22227
22230
22240
22243
22709
22922
23004
20146
20147
20148
23005
23302
24311
23303
24411
24312
24054
23009
24602
22923
23011
24313
23915
24055
24314
22810
22924
23304
22712
23015
24523
24217
23306
24058
24218
23018
24059
22610
22811
22611
24526
24603
24219
24220
23307
24604
24060
24061
24062
24063
23824
24221
24527
24315
23308
24413
24064
24605
20135
23021
24606
24065
22713
22427
22620
23917
23827
23919
23828
22714
24607
23022
22812
22715
24201
24203
24209
24202
20136
20137
22815
23920
24528
24415
23023
24066
23921
24416
24529
23024
22432
22009
22015
24608
23922
22433
24530
22435
24067
20138
24317
23310
23313
23829
23025
22436
23314
23315
23830
23027
20139
24069
22716
24224
24070
20143
20119
24609
22437
20120
20121
20122
24318
22438
20151
20153
20152
23030
23923
22901
22909
22911
22902
22903
22904
22905
22906
22908
23924
24531
24072
23316
23320
23321
23322
23323
23324
23325
23326
23327
23328
23831
23836
22623
23832
23838
24319
23336
23031
24068
24073
23833
23032
24421
23899
23927
24076
22624
24225
24533
20124
24422
24226
24228
24534
24077
24535
23035
24230
24536
22442
24078
22443
23834
23038
24538
24079
22446
23837
22931
24426
23341
24430
23930
22820
24431
24082
24323
22625
22932
23039
24539
23934
22701
23040
22448
24083
24236
24237
24540
24541
24543
24239
22821
24432
20144
23043
23839
23840
20598
23045
23936
23841
23842
24433
23843
24612
23047
23937
24324
23844
24549
24243
24084
24244
24325
20101
20102
20103
20104
20189
22025
22026
23938
24245
22027
22454
23050
22935
24085
22936
24246
23347
23845
22824
22456
24086
23846
24326
22827
22718
24087
24327
23847
22937
22719
23939
24550
24248
23350
22938
22031
22032
22033
22034
22035
22036
22037
22030
22038
22039
24435
22041
22042
22043
22044
22040
22046
24613
24328
23901
23909
22460
24088
24089
24090
22626
22939
22627
24091
23850
24551
23055
22060
24250
24437
23604
23801
23651
22211
22652
23056
23851
23354
22401
22402
22404
22407
22408
22403
22405
22406
22412
22940
23856
24330
22630
22830
20155
20156
24333
22463
23857
24251
24092
24340
24553
24554
24555
23058
23059
23060
24093
23061
23062
22720
23063
24556
24095
22942
22637
24439
22066
23942
23356
23357
24440
22943
24557
23064
24441
24614
23065
23066
23358
23067
22469
24558
23359
20158
20159
23943
23630
23661
23663
23664
23666
23667
23668
23669
23670
23681
23665
23069
23389
24101
23070
22801
22802
22803
22807
23071
22471
23072
20168
20169
22472
24256
22722
24442
22473
23075
23228
23229
23231
23233
23238
23242
23255
23288
23294
23273
24102
20170
20171
20172
20192
24343
24258
22831
24347
24260
22723
23860
23395
24445
24562
24104
23076
22639
22640
24620
24563
22476
24348
24105
24448
22480
23397
24350
23866
22945
23079
23081
23398
23867
24565
22724
22481
23083
24622
24263
24566
24624
22946
22832
23401
23944
23084
24265
22947
23947
22482
23085
22485
23086
22488
23950
22833
23694
22501
24351
22503
23089
24352
23868
24266
20175
20176
20177
20178
22725
24450
23090
22726
20160
22642
22834
23091
22507
22948
22508
23092
23404
24569
22509
22079
22199
22511
23093
20180
22949
24457
24570
23952
22835
24571
24501
24502
24503
24504
24505
24506
24514
24515
22952
23405
22727
24572
23102
23103
20108
20110
20113
20109
20111
20112
23105
23106
23407
24354
23408
22643
20115
20116
24112
24113
24114
24115
23108
23109
23110
22644
24627
24360
24628
24269
24111
24458
22840
23872
22101
22102
22106
22107
22108
22109
24120
24361
23409
23111
23116
23954
23410
24270
22082
22116
24459
20117
20118
22645
22649
22728
23112
23113
23114
22514
24460
23115
22646
23117
24463
22729
22517
24121
24574
24464
24465
23192
22957
22520
24122
23119
22523
23120
22841
22524
22842
24467
22843
22121
24363
24468
24124
23413
24577
24578
24579
22958
24580
23414
23123
24127
23415
24469
23124
22844
23125
24129
24126
22122
24128
23601
23602
23603
23605
23606
23607
23608
23609
23612
23874
23126
24271
22526
20181
20182
24272
23501
23502
23503
23504
23505
23506
23507
23508
23509
23510
23511
23513
23514
23515
23517
23518
23520
23521
23523
23529
23541
23551
23127
23128
22959
24630
24273
24581
23955
23416
22730
22124
24631
22125
23129
22529
23417
23130
23418
22530
22960
23131
22845
20128
23419
20129
24131
23420
22963
23958
20130
23421
24132
22534
24133
24134
24136
24137
22846
24277
23803
23804
23805
23959
20131
24634
24138
22964
24139
24635
23662
23138
24471
22535
23701
23702
23703
23704
23705
23707
23708
23709
24279
24637
23139
22731
23875
23960
23140
24301
23422
20132
20134
22134
22135
22847
23423
22965
23141
24141
24142
24143
22732
23962
24472
22733
22538
24639
23876
20140
24640
23963
23964
22539
22734
23424
20190
20191
20194
20195
20196
22096
22735
22542
23966
24147
22736
24641
23234
23235
23236
23237
23297
23226
23227
23230
23250
23173
23218
23219
23220
23221
23222
23223
23224
23225
23232
23241
23249
23260
23261
23269
23284
23295
23298
24148
22650
24149
24586
24150
22737
24018
24019
24020
24001
24002
24004
24006
24007
24008
24010
24011
24012
24013
24014
24015
24016
24017
24022
24023
24024
24025
24026
24027
24028
24033
24034
24035
24037
24038
24040
24043
22738
24473
23146
24366
24151
22544
24281
24280
22967
20141
20142
24646
22545
22968
24368
24588
22546
24282
24283
23148
24153
24370
23149
23150
23153
24161
23426
23967
23427
23154
22969
24589
24590
23696
22547
23878
24474
23156
22548
24162
22849
22971
24647
22850
23879
23968
23430
23431
22972
24592
23970
22552
24374
24165
22740
22551
22553
24593
23881
22150
22151
22152
22153
22156
22159
22554
22555
22556
22973
22851
24168
22654
23160
24401
24402
24476
22655
22656
20164
20165
20166
20167
22741
23161
23882
22641
22657
22558
24171
24477
23162
23432
23433
23434
23435
23436
23437
23438
23439
24375
22742
23883
23163
23884
23885
24594
24595
24479
24649
22743
23440
24377
22560
23441
24651
23442
24174
20198
22565
22853
23168
22660
23169
23443
23170
22172
24378
24175
22974
22976
24176
22567
20184
20185
23175
23887
24656
24597
24482
24177
24483
23974
22180
22181
22182
22183
22185
22746
22570
24179
24598
23450
23451
23452
23453
23454
23455
23456
23457
23458
23459
23460
23461
23462
23463
23464
23465
23466
23467
23471
23806
23480
23176
23888
23177
23337
23482
23178
23889
24484
20186
20187
20188
22572
22747
23180
20197
23483
23890
23891
22980
24290
22576
24485
22103
23181
24486
22987
23183
23893
22663
22578
24292
24657
23184
22579
23185
23188
23186
23187
24487
24380
23486
23894
22602
22603
22601
22604
23487
24599
24184
24293
22748
22989
22191
22192
22193
22194
22195
22580
24381
23190
22664
22749
24185
23976
24382
23897
23690
23691
23692
23693
23898